NACA4412		
1	0.0013	0
0.99633	0.00232	0
0.99051	0.00392	0
0.98426	0.00563	0
0.97753	0.00745	0
0.97027	0.00939	0
0.96244	0.01146	0
0.95405	0.01365	0
0.94513	0.01595	0
0.93579	0.01833	0
0.92618	0.02073	0
0.91644	0.02313	0
0.90668	0.0255	0
0.89695	0.02782	0
0.88724	0.0301	0
0.87754	0.03234	0
0.86785	0.03454	0
0.85814	0.03671	0
0.84842	0.03884	0
0.83867	0.04094	0
0.82888	0.04301	0
0.81907	0.04505	0
0.80922	0.04706	0
0.79933	0.04903	0
0.78941	0.05098	0
0.77947	0.05289	0
0.7695	0.05477	0
0.75952	0.05662	0
0.74952	0.05843	0
0.7395	0.06021	0
0.72948	0.06196	0
0.71946	0.06367	0
0.70944	0.06535	0
0.69941	0.067	0
0.68939	0.06861	0
0.67938	0.07019	0
0.66937	0.07173	0
0.65937	0.07324	0
0.64938	0.0747	0
0.6394	0.07614	0
0.62942	0.07753	0
0.61945	0.07888	0
0.60948	0.08019	0
0.59952	0.08146	0
0.58954	0.08269	0
0.57957	0.08388	0
0.56958	0.08503	0
0.55959	0.08613	0
0.54958	0.0872	0
0.53957	0.08823	0
0.52955	0.08922	0
0.51952	0.09017	0
0.5095	0.09108	0
0.49948	0.09194	0
0.48946	0.09277	0
0.47946	0.09356	0
0.46947	0.0943	0
0.45951	0.09499	0
0.44957	0.09563	0
0.43966	0.09621	0
0.42978	0.09674	0
0.41993	0.09722	0
0.41011	0.09763	0
0.40031	0.09799	0
0.39055	0.09828	0
0.38082	0.09851	0
0.37112	0.09867	0
0.36144	0.09876	0
0.3518	0.09879	0
0.34219	0.09874	0
0.3326	0.09861	0
0.32305	0.09841	0
0.31352	0.09813	0
0.30402	0.09778	0
0.29455	0.09734	0
0.28512	0.09681	0
0.27571	0.09621	0
0.26633	0.09552	0
0.25697	0.09474	0
0.24763	0.09387	0
0.23832	0.09292	0
0.22901	0.09187	0
0.21974	0.09073	0
0.21049	0.08951	0
0.2013	0.08819	0
0.19217	0.08679	0
0.18313	0.0853	0
0.17419	0.08373	0
0.16534	0.08206	0
0.15657	0.0803	0
0.14787	0.07843	0
0.1392	0.07645	0
0.13057	0.07435	0
0.12199	0.07214	0
0.1135	0.06984	0
0.10518	0.06745	0
0.0971	0.06501	0
0.08934	0.06255	0
0.08194	0.06007	0
0.07491	0.05757	0
0.06825	0.05505	0
0.06194	0.05252	0
0.05601	0.05	0
0.0505	0.04753	0
0.04542	0.04514	0
0.04079	0.04284	0
0.0366	0.04066	0
0.0328	0.03857	0
0.02937	0.03659	0
0.02627	0.0347	0
0.02345	0.0329	0
0.02088	0.03115	0
0.01853	0.02945	0
0.01638	0.02777	0
0.01441	0.02612	0
0.0126	0.0245	0
0.01095	0.02291	0
0.00945	0.02136	0
0.00809	0.01988	0
0.00687	0.01844	0
0.00577	0.01706	0
0.00478	0.01572	0
0.0039	0.01443	0
0.00311	0.01317	0
0.00242	0.01195	0
0.00181	0.01076	0
0.00128	0.0096	0
0.00083	0.00847	0
0.00046	0.00736	0
0.00017	0.00627	0
-0.00006	0.0052	0
-0.0002	0.00415	0
-0.00027	0.00311	0
-0.00027	0.00208	0
-0.00018	0.00106	0
-0.00001	0.00005	0
0.00025	-0.00096	0
0.0006	-0.00196	0
0.00103	-0.00296	0
0.00155	-0.00396	0
0.00216	-0.00497	0
0.00286	-0.00597	0
0.00366	-0.00699	0
0.00455	-0.00801	0
0.00555	-0.00903	0
0.00666	-0.01007	0
0.00788	-0.0111	0
0.00923	-0.01214	0
0.01072	-0.01318	0
0.01234	-0.0142	0
0.01409	-0.01519	0
0.01599	-0.01615	0
0.01805	-0.01706	0
0.02029	-0.01794	0
0.02271	-0.01878	0
0.02535	-0.01961	0
0.02822	-0.02043	0
0.03136	-0.02126	0
0.03479	-0.02209	0
0.03855	-0.02291	0
0.04266	-0.0237	0
0.04716	-0.02447	0
0.05208	-0.02519	0
0.05745	-0.02586	0
0.06334	-0.02647	0
0.06977	-0.02702	0
0.07678	-0.02752	0
0.08434	-0.02796	0
0.09237	-0.02833	0
0.10078	-0.02862	0
0.10952	-0.02883	0
0.11856	-0.02895	0
0.12785	-0.02899	0
0.13735	-0.02895	0
0.14699	-0.02884	0
0.15675	-0.02868	0
0.16658	-0.02848	0
0.17645	-0.02822	0
0.18634	-0.02791	0
0.19627	-0.02755	0
0.20622	-0.02714	0
0.21624	-0.02668	0
0.22633	-0.02619	0
0.2365	-0.02568	0
0.24676	-0.02516	0
0.2571	-0.02465	0
0.2675	-0.02414	0
0.27794	-0.02364	0
0.2884	-0.02315	0
0.29889	-0.02265	0
0.30937	-0.02216	0
0.31986	-0.02166	0
0.33035	-0.02117	0
0.34082	-0.02067	0
0.35128	-0.02019	0
0.36173	-0.0197	0
0.37217	-0.01923	0
0.38259	-0.01876	0
0.39301	-0.0183	0
0.40342	-0.01785	0
0.41382	-0.01742	0
0.42423	-0.01699	0
0.43465	-0.01657	0
0.44507	-0.01616	0
0.4555	-0.01574	0
0.46594	-0.01534	0
0.47639	-0.01493	0
0.48686	-0.01452	0
0.49733	-0.01411	0
0.50781	-0.01369	0
0.51829	-0.01327	0
0.52878	-0.01285	0
0.53927	-0.01242	0
0.54976	-0.012	0
0.56024	-0.01158	0
0.57072	-0.01115	0
0.58119	-0.01074	0
0.59166	-0.01032	0
0.60212	-0.00992	0
0.61257	-0.00952	0
0.62302	-0.00913	0
0.63346	-0.00874	0
0.64388	-0.00837	0
0.65431	-0.008	0
0.66472	-0.00764	0
0.67513	-0.00729	0
0.68554	-0.00695	0
0.69595	-0.00662	0
0.70636	-0.00631	0
0.71678	-0.006	0
0.7272	-0.00571	0
0.73764	-0.00542	0
0.74807	-0.00514	0
0.75852	-0.00488	0
0.76897	-0.00462	0
0.77942	-0.00437	0
0.78988	-0.00413	0
0.80032	-0.00389	0
0.81076	-0.00367	0
0.82117	-0.00345	0
0.83157	-0.00324	0
0.84195	-0.00305	0
0.85229	-0.00287	0
0.86261	-0.0027	0
0.8729	-0.00254	0
0.88317	-0.0024	0
0.8934	-0.00227	0
0.90361	-0.00216	0
0.91379	-0.00207	0
0.92389	-0.00197	0
0.93382	-0.00185	0
0.94343	-0.00172	0
0.9526	-0.00155	0
0.96123	-0.00135	0
0.96928	-0.00113	0
0.97676	-0.0009	0
0.98371	-0.00066	0
0.99017	-0.00042	0
0.9962	-0.00017	0
1	0	0
