NACA 0006		
1	0.00063	0
0.99667	0.00086	0
0.99024	0.00131	0
0.98256	0.00184	0
0.97435	0.0024	0
0.966	0.00297	0
0.9576	0.00353	0
0.9492	0.00409	0
0.94079	0.00464	0
0.93238	0.00518	0
0.92398	0.00572	0
0.91557	0.00626	0
0.90715	0.00679	0
0.89874	0.00732	0
0.89033	0.00784	0
0.88192	0.00835	0
0.87351	0.00886	0
0.86509	0.00937	0
0.85668	0.00987	0
0.84827	0.01036	0
0.83986	0.01086	0
0.83144	0.01134	0
0.82303	0.01182	0
0.81461	0.0123	0
0.8062	0.01277	0
0.79778	0.01324	0
0.78936	0.0137	0
0.78095	0.01416	0
0.77253	0.01461	0
0.76411	0.01506	0
0.7557	0.0155	0
0.74728	0.01594	0
0.73886	0.01638	0
0.73045	0.01681	0
0.72203	0.01723	0
0.71361	0.01765	0
0.70519	0.01807	0
0.69677	0.01848	0
0.68836	0.01888	0
0.67994	0.01928	0
0.67152	0.01968	0
0.6631	0.02007	0
0.65468	0.02045	0
0.64627	0.02083	0
0.63785	0.0212	0
0.62943	0.02157	0
0.62101	0.02194	0
0.6126	0.02229	0
0.60418	0.02264	0
0.59576	0.02299	0
0.58735	0.02333	0
0.57893	0.02366	0
0.57051	0.02399	0
0.5621	0.02431	0
0.55368	0.02463	0
0.54527	0.02493	0
0.53685	0.02524	0
0.52844	0.02553	0
0.52002	0.02582	0
0.51161	0.0261	0
0.5032	0.02637	0
0.49479	0.02663	0
0.48637	0.02689	0
0.47796	0.02714	0
0.46955	0.02738	0
0.46114	0.02761	0
0.45273	0.02783	0
0.44432	0.02805	0
0.43592	0.02825	0
0.42751	0.02845	0
0.41911	0.02863	0
0.4107	0.02881	0
0.4023	0.02897	0
0.39389	0.02913	0
0.38549	0.02927	0
0.37709	0.0294	0
0.36869	0.02952	0
0.3603	0.02963	0
0.3519	0.02972	0
0.3435	0.02981	0
0.33511	0.02987	0
0.32672	0.02993	0
0.31833	0.02997	0
0.30994	0.03	0
0.30156	0.03001	0
0.29318	0.03	0
0.2848	0.02998	0
0.27642	0.02994	0
0.26804	0.02989	0
0.25967	0.02982	0
0.2513	0.02972	0
0.24293	0.02961	0
0.23457	0.02948	0
0.22622	0.02932	0
0.21786	0.02915	0
0.20951	0.02895	0
0.20117	0.02872	0
0.19283	0.02847	0
0.1845	0.02819	0
0.17618	0.02789	0
0.16786	0.02755	0
0.15955	0.02719	0
0.15126	0.02679	0
0.14297	0.02635	0
0.1347	0.02588	0
0.12644	0.02537	0
0.1182	0.02482	0
0.10998	0.02421	0
0.10178	0.02356	0
0.09361	0.02286	0
0.08547	0.02209	0
0.07738	0.02126	0
0.06933	0.02035	0
0.06136	0.01937	0
0.05347	0.01829	0
0.04572	0.0171	0
0.03815	0.01581	0
0.0309	0.01439	0
0.02418	0.01288	0
0.01832	0.01133	0
0.01359	0.00985	0
0.00997	0.00851	0
0.00726	0.00731	0
0.00519	0.00622	0
0.0036	0.00521	0
0.00236	0.00424	0
0.00141	0.00329	0
0.0007	0.00234	0
0.00025	0.00139	0
0.00003	0.00045	0
0.00003	-0.00045	0
0.00025	-0.00139	0
0.0007	-0.00234	0
0.00141	-0.00329	0
0.00236	-0.00424	0
0.0036	-0.00521	0
0.00519	-0.00622	0
0.00726	-0.00731	0
0.00997	-0.00851	0
0.01359	-0.00985	0
0.01832	-0.01133	0
0.02418	-0.01288	0
0.0309	-0.01439	0
0.03815	-0.01581	0
0.04572	-0.0171	0
0.05347	-0.01829	0
0.06136	-0.01937	0
0.06933	-0.02035	0
0.07738	-0.02126	0
0.08547	-0.02209	0
0.09361	-0.02286	0
0.10178	-0.02356	0
0.10998	-0.02421	0
0.1182	-0.02482	0
0.12644	-0.02537	0
0.1347	-0.02588	0
0.14297	-0.02635	0
0.15126	-0.02679	0
0.15955	-0.02719	0
0.16786	-0.02755	0
0.17618	-0.02789	0
0.1845	-0.02819	0
0.19283	-0.02847	0
0.20117	-0.02872	0
0.20951	-0.02895	0
0.21786	-0.02915	0
0.22622	-0.02932	0
0.23457	-0.02948	0
0.24293	-0.02961	0
0.2513	-0.02972	0
0.25967	-0.02982	0
0.26804	-0.02989	0
0.27642	-0.02994	0
0.2848	-0.02998	0
0.29318	-0.03	0
0.30156	-0.03001	0
0.30994	-0.03	0
0.31833	-0.02997	0
0.32672	-0.02993	0
0.33511	-0.02987	0
0.3435	-0.02981	0
0.3519	-0.02972	0
0.3603	-0.02963	0
0.36869	-0.02952	0
0.37709	-0.0294	0
0.38549	-0.02927	0
0.39389	-0.02913	0
0.4023	-0.02897	0
0.4107	-0.02881	0
0.41911	-0.02863	0
0.42751	-0.02845	0
0.43592	-0.02825	0
0.44432	-0.02805	0
0.45273	-0.02783	0
0.46114	-0.02761	0
0.46955	-0.02738	0
0.47796	-0.02714	0
0.48637	-0.02689	0
0.49479	-0.02663	0
0.5032	-0.02637	0
0.51161	-0.0261	0
0.52002	-0.02582	0
0.52844	-0.02553	0
0.53685	-0.02524	0
0.54527	-0.02493	0
0.55368	-0.02463	0
0.5621	-0.02431	0
0.57051	-0.02399	0
0.57893	-0.02366	0
0.58735	-0.02333	0
0.59576	-0.02299	0
0.60418	-0.02264	0
0.6126	-0.02229	0
0.62101	-0.02194	0
0.62943	-0.02157	0
0.63785	-0.0212	0
0.64627	-0.02083	0
0.65468	-0.02045	0
0.6631	-0.02007	0
0.67152	-0.01968	0
0.67994	-0.01928	0
0.68836	-0.01888	0
0.69677	-0.01848	0
0.70519	-0.01807	0
0.71361	-0.01765	0
0.72203	-0.01723	0
0.73045	-0.01681	0
0.73886	-0.01638	0
0.74728	-0.01594	0
0.7557	-0.0155	0
0.76411	-0.01506	0
0.77253	-0.01461	0
0.78095	-0.01416	0
0.78936	-0.0137	0
0.79778	-0.01324	0
0.8062	-0.01277	0
0.81461	-0.0123	0
0.82303	-0.01182	0
0.83144	-0.01134	0
0.83986	-0.01086	0
0.84827	-0.01036	0
0.85668	-0.00987	0
0.86509	-0.00937	0
0.87351	-0.00886	0
0.88192	-0.00835	0
0.89033	-0.00784	0
0.89874	-0.00732	0
0.90715	-0.00679	0
0.91557	-0.00626	0
0.92398	-0.00572	0
0.93238	-0.00518	0
0.94079	-0.00464	0
0.9492	-0.00409	0
0.9576	-0.00353	0
0.966	-0.00297	0
0.97435	-0.0024	0
0.98256	-0.00184	0
0.99024	-0.00131	0
0.99667	-0.00086	0
1	-0.00063	0
