NACA 2414		
1	0.00147	0
0.99605	0.00242	0
0.98965	0.00388	0
0.98264	0.00547	0
0.97504	0.00719	0
0.96687	0.00901	0
0.95816	0.01093	0
0.94898	0.01293	0
0.93942	0.01499	0
0.92956	0.01708	0
0.91946	0.01919	0
0.90918	0.0213	0
0.89876	0.02342	0
0.88823	0.02552	0
0.87763	0.0276	0
0.86698	0.02967	0
0.85629	0.03171	0
0.84556	0.03372	0
0.8348	0.03571	0
0.82403	0.03767	0
0.81324	0.03959	0
0.80245	0.04149	0
0.79164	0.04336	0
0.78083	0.0452	0
0.77002	0.04701	0
0.75919	0.04879	0
0.74836	0.05053	0
0.73752	0.05225	0
0.72669	0.05393	0
0.71585	0.05558	0
0.70501	0.0572	0
0.69418	0.05878	0
0.68334	0.06034	0
0.6725	0.06185	0
0.66167	0.06334	0
0.65083	0.06479	0
0.63999	0.06621	0
0.62914	0.06759	0
0.6183	0.06894	0
0.60746	0.07025	0
0.59663	0.07153	0
0.58581	0.07278	0
0.57499	0.07398	0
0.56419	0.07515	0
0.5534	0.07627	0
0.54262	0.07736	0
0.53185	0.0784	0
0.52108	0.07941	0
0.51032	0.08037	0
0.49956	0.08129	0
0.48882	0.08217	0
0.47808	0.08301	0
0.46736	0.0838	0
0.45666	0.08455	0
0.44598	0.08525	0
0.43534	0.08591	0
0.42475	0.08651	0
0.41419	0.08706	0
0.40369	0.08755	0
0.39323	0.08798	0
0.38282	0.08834	0
0.37245	0.08865	0
0.36213	0.08888	0
0.35184	0.08905	0
0.34159	0.08915	0
0.33138	0.08918	0
0.32119	0.08913	0
0.31104	0.08901	0
0.30092	0.08881	0
0.29084	0.08854	0
0.2808	0.0882	0
0.27081	0.08777	0
0.26087	0.08727	0
0.25098	0.08668	0
0.24114	0.08602	0
0.23137	0.08527	0
0.22166	0.08443	0
0.21203	0.08351	0
0.20248	0.08251	0
0.19303	0.08142	0
0.18369	0.08025	0
0.17447	0.07899	0
0.16539	0.07765	0
0.15646	0.07622	0
0.14769	0.07471	0
0.1391	0.07313	0
0.13072	0.07147	0
0.12258	0.06974	0
0.11469	0.06797	0
0.10709	0.06614	0
0.09981	0.06428	0
0.09285	0.06239	0
0.08624	0.06048	0
0.07998	0.05857	0
0.07408	0.05666	0
0.06854	0.05477	0
0.06335	0.0529	0
0.05851	0.05107	0
0.05399	0.04926	0
0.04977	0.04749	0
0.04585	0.04576	0
0.04221	0.04407	0
0.03881	0.04241	0
0.03564	0.0408	0
0.03269	0.03921	0
0.02994	0.03766	0
0.02737	0.03614	0
0.02498	0.03465	0
0.02274	0.03319	0
0.02064	0.03175	0
0.01868	0.03033	0
0.01685	0.02894	0
0.01513	0.02756	0
0.01353	0.02619	0
0.01203	0.02483	0
0.01064	0.02349	0
0.00934	0.02216	0
0.00812	0.02083	0
0.007	0.01951	0
0.00596	0.0182	0
0.00501	0.01689	0
0.00414	0.01559	0
0.00336	0.0143	0
0.00267	0.013	0
0.00206	0.01171	0
0.00152	0.01043	0
0.00107	0.00915	0
0.0007	0.00787	0
0.00039	0.00661	0
0.00017	0.00535	0
0.00001	0.00411	0
-0.00008	0.00287	0
-0.00009	0.00165	0
-0.00004	0.00043	0
0.00009	-0.00078	0
0.0003	-0.00199	0
0.00058	-0.0032	0
0.00094	-0.00442	0
0.00138	-0.00564	0
0.00189	-0.00686	0
0.00249	-0.00809	0
0.00317	-0.00932	0
0.00395	-0.01055	0
0.00481	-0.01176	0
0.00576	-0.01297	0
0.00681	-0.01417	0
0.00795	-0.01535	0
0.00919	-0.01652	0
0.01051	-0.01767	0
0.01193	-0.01881	0
0.01344	-0.01993	0
0.01505	-0.02105	0
0.01675	-0.02215	0
0.01856	-0.02325	0
0.02048	-0.02434	0
0.02253	-0.02542	0
0.02471	-0.0265	0
0.02704	-0.02758	0
0.02953	-0.02867	0
0.03218	-0.02976	0
0.035	-0.03085	0
0.03803	-0.03194	0
0.04126	-0.03303	0
0.04473	-0.03412	0
0.04843	-0.03522	0
0.05241	-0.03631	0
0.05667	-0.03741	0
0.06125	-0.0385	0
0.06617	-0.03958	0
0.07145	-0.04065	0
0.07712	-0.04172	0
0.08318	-0.04276	0
0.08964	-0.04377	0
0.09651	-0.04475	0
0.10378	-0.04569	0
0.11143	-0.04658	0
0.11944	-0.04742	0
0.1278	-0.04819	0
0.13647	-0.04889	0
0.14542	-0.04953	0
0.15462	-0.0501	0
0.16405	-0.05059	0
0.17369	-0.05101	0
0.1835	-0.05136	0
0.19346	-0.05164	0
0.20357	-0.05186	0
0.21379	-0.05201	0
0.22413	-0.0521	0
0.23455	-0.05214	0
0.24506	-0.05212	0
0.25565	-0.05206	0
0.2663	-0.05194	0
0.27703	-0.05178	0
0.28781	-0.05157	0
0.29866	-0.05132	0
0.30956	-0.05104	0
0.3205	-0.05073	0
0.3315	-0.05038	0
0.34253	-0.05001	0
0.35359	-0.04961	0
0.36469	-0.04918	0
0.37581	-0.04874	0
0.38694	-0.04827	0
0.39808	-0.04778	0
0.40921	-0.04728	0
0.42034	-0.04675	0
0.43144	-0.0462	0
0.44254	-0.04563	0
0.45363	-0.04503	0
0.46473	-0.04441	0
0.47584	-0.04376	0
0.48698	-0.04309	0
0.49814	-0.04239	0
0.50932	-0.04168	0
0.52053	-0.04095	0
0.53176	-0.0402	0
0.543	-0.03943	0
0.55425	-0.03865	0
0.56552	-0.03786	0
0.5768	-0.03706	0
0.58808	-0.03624	0
0.59936	-0.03541	0
0.61066	-0.03457	0
0.62196	-0.03372	0
0.63327	-0.03286	0
0.64459	-0.03199	0
0.65592	-0.0311	0
0.66726	-0.03021	0
0.6786	-0.02932	0
0.68996	-0.02841	0
0.70132	-0.0275	0
0.71269	-0.02658	0
0.72406	-0.02566	0
0.73543	-0.02473	0
0.74679	-0.0238	0
0.75816	-0.02286	0
0.76952	-0.02191	0
0.78088	-0.02096	0
0.79224	-0.02	0
0.80359	-0.01904	0
0.81495	-0.01807	0
0.82631	-0.0171	0
0.83765	-0.01613	0
0.84898	-0.01515	0
0.86027	-0.01417	0
0.87152	-0.01319	0
0.88271	-0.01221	0
0.89382	-0.01122	0
0.90484	-0.01024	0
0.91572	-0.00926	0
0.92642	-0.00829	0
0.93685	-0.00735	0
0.94694	-0.00643	0
0.95658	-0.00554	0
0.96571	-0.00469	0
0.97425	-0.0039	0
0.98215	-0.00316	0
0.98937	-0.00247	0
0.99595	-0.00184	0
1	-0.00147		0
