NACA6306		
1	0	0
0.99707	0.00075	0
0.99254	0.0019	0
0.98784	0.00309	0
0.98294	0.00431	0
0.97783	0.00557	0
0.9725	0.00688	0
0.96693	0.00823	0
0.96109	0.00964	0
0.95497	0.01109	0
0.94855	0.0126	0
0.94179	0.01416	0
0.9347	0.01579	0
0.92724	0.01747	0
0.91941	0.01921	0
0.91122	0.021	0
0.90268	0.02283	0
0.89386	0.02469	0
0.8851	0.02651	0
0.87648	0.02826	0
0.86794	0.02998	0
0.85943	0.03165	0
0.85091	0.03331	0
0.84234	0.03494	0
0.83371	0.03657	0
0.82499	0.03818	0
0.81617	0.0398	0
0.80726	0.04141	0
0.79832	0.043	0
0.78944	0.04456	0
0.78062	0.04609	0
0.77182	0.04759	0
0.76303	0.04907	0
0.75425	0.05053	0
0.74546	0.05197	0
0.73665	0.05338	0
0.72782	0.05478	0
0.71896	0.05615	0
0.71007	0.0575	0
0.70115	0.05883	0
0.69221	0.06013	0
0.68325	0.06141	0
0.67427	0.06266	0
0.66529	0.06389	0
0.65629	0.06509	0
0.64729	0.06626	0
0.6383	0.06741	0
0.6293	0.06853	0
0.6203	0.06962	0
0.61131	0.07069	0
0.60232	0.07173	0
0.59334	0.07275	0
0.58436	0.07374	0
0.57539	0.07471	0
0.56642	0.07565	0
0.55745	0.07656	0
0.54848	0.07744	0
0.53951	0.0783	0
0.53054	0.07912	0
0.52157	0.07992	0
0.51259	0.08068	0
0.50361	0.08141	0
0.49463	0.08212	0
0.48563	0.08278	0
0.47663	0.08342	0
0.46761	0.08403	0
0.45859	0.08462	0
0.44956	0.08517	0
0.44051	0.0857	0
0.43146	0.08621	0
0.42241	0.08669	0
0.41335	0.08716	0
0.4043	0.0876	0
0.39525	0.08802	0
0.38621	0.08842	0
0.37718	0.08879	0
0.36816	0.08912	0
0.35917	0.08942	0
0.35019	0.08967	0
0.34123	0.08988	0
0.33229	0.09002	0
0.32337	0.09011	0
0.31447	0.09012	0
0.30559	0.09007	0
0.29673	0.08994	0
0.28788	0.08973	0
0.27905	0.08944	0
0.27024	0.08906	0
0.26144	0.08858	0
0.25266	0.08801	0
0.2439	0.08734	0
0.23516	0.08657	0
0.22644	0.08569	0
0.21775	0.0847	0
0.20909	0.08359	0
0.20046	0.08237	0
0.19187	0.08103	0
0.18331	0.07956	0
0.17479	0.07798	0
0.16631	0.07627	0
0.15786	0.07443	0
0.14944	0.07246	0
0.14102	0.07036	0
0.13261	0.06811	0
0.12421	0.06572	0
0.11584	0.0632	0
0.10752	0.06053	0
0.09929	0.05775	0
0.09119	0.05487	0
0.0832	0.05189	0
0.07521	0.04878	0
0.06701	0.04546	0
0.05881	0.04195	0
0.05072	0.03824	0
0.04367	0.03478	0
0.03772	0.0317	0
0.03235	0.02879	0
0.0269	0.02571	0
0.02076	0.02203	0
0.01509	0.01822	0
0.01016	0.01448	0
0.00747	0.01223	0
0.0056	0.01054	0
0.00417	0.00914	0
0.00303	0.00792	0
0.0021	0.00684	0
0.00136	0.00585	0
0.00076	0.00495	0
0.00029	0.00411	0
-0.00006	0.00333	0
-0.00029	0.0026	0
-0.00041	0.00191	0
-0.00041	0.00127	0
-0.0003	0.00065	0
-0.00005	0.00008	0
0.00035	-0.00047	0
0.0009	-0.00099	0
0.00162	-0.00148	0
0.00252	-0.00195	0
0.00363	-0.0024	0
0.00503	-0.00284	0
0.00681	-0.00326	0
0.00921	-0.00367	0
0.01288	-0.00402	0
0.01971	-0.00396	0
0.02736	-0.00309	0
0.03388	-0.00215	0
0.04061	-0.00109	0
0.0484	0.00022	0
0.05708	0.00174	0
0.06547	0.00325	0
0.07414	0.00484	0
0.0829	0.00646	0
0.09159	0.00807	0
0.10038	0.00967	0
0.10928	0.01125	0
0.11824	0.01279	0
0.12723	0.01429	0
0.13619	0.01575	0
0.14511	0.01715	0
0.15398	0.0185	0
0.16282	0.0198	0
0.17162	0.02103	0
0.1804	0.02219	0
0.18916	0.02328	0
0.19792	0.02428	0
0.20667	0.02518	0
0.21542	0.02599	0
0.22419	0.02671	0
0.23297	0.02735	0
0.24177	0.02792	0
0.25059	0.02841	0
0.25944	0.02883	0
0.26831	0.02918	0
0.27721	0.02948	0
0.28614	0.02972	0
0.2951	0.02992	0
0.30407	0.03006	0
0.31307	0.03016	0
0.32209	0.03023	0
0.33113	0.03026	0
0.34018	0.03026	0
0.34924	0.03023	0
0.35832	0.03018	0
0.36741	0.03012	0
0.37651	0.03004	0
0.38561	0.02995	0
0.39472	0.02986	0
0.40383	0.02976	0
0.41295	0.02967	0
0.42206	0.02957	0
0.43118	0.02948	0
0.44029	0.02938	0
0.4494	0.02928	0
0.45851	0.02918	0
0.46761	0.02906	0
0.47671	0.02895	0
0.48581	0.02882	0
0.49489	0.02868	0
0.50397	0.02853	0
0.51305	0.02838	0
0.52212	0.0282	0
0.53119	0.02802	0
0.54025	0.02783	0
0.54931	0.02762	0
0.55837	0.0274	0
0.56743	0.02716	0
0.57648	0.02691	0
0.58554	0.02665	0
0.5946	0.02637	0
0.60367	0.02608	0
0.61274	0.02577	0
0.62182	0.02545	0
0.63092	0.02511	0
0.64002	0.02476	0
0.64912	0.02439	0
0.65823	0.02401	0
0.66734	0.02362	0
0.67645	0.02321	0
0.68556	0.02279	0
0.69465	0.02236	0
0.70372	0.02192	0
0.71276	0.02146	0
0.72178	0.02099	0
0.73076	0.02051	0
0.73971	0.02002	0
0.74863	0.01952	0
0.75754	0.019	0
0.76644	0.01847	0
0.77534	0.01791	0
0.78426	0.01735	0
0.79321	0.01676	0
0.80223	0.01615	0
0.8113	0.01551	0
0.82028	0.01487	0
0.82915	0.01422	0
0.83792	0.01356	0
0.84661	0.0129	0
0.85523	0.01223	0
0.86381	0.01155	0
0.87241	0.01086	0
0.88106	0.01016	0
0.88982	0.00944	0
0.89876	0.0087	0
0.90769	0.00796	0
0.91627	0.00724	0
0.92447	0.00655	0
0.93228	0.00589	0
0.9397	0.00526	0
0.94675	0.00466	0
0.95344	0.00408	0
0.95981	0.00353	0
0.96586	0.003	0
0.97164	0.0025	0
0.97715	0.00202	0
0.98243	0.00156	0
0.98748	0.00111	0
0.99233	0.00068	0
0.99699	0.00027	0
1	0	0
