NACA6509		
1	0.009	0
0.99661	0.00975	0
0.99134	0.01093	0
0.98585	0.01217	0
0.9801	0.01348	0
0.97409	0.01487	0
0.96777	0.01634	0
0.96114	0.01789	0
0.95416	0.01955	0
0.94681	0.02131	0
0.93907	0.02319	0
0.93091	0.02519	0
0.92234	0.02732	0
0.91336	0.02958	0
0.904	0.03197	0
0.89432	0.03447	0
0.88445	0.03705	0
0.87465	0.03963	0
0.8649	0.0422	0
0.85514	0.04477	0
0.8453	0.04733	0
0.8354	0.04987	0
0.8256	0.05235	0
0.81592	0.05473	0
0.80633	0.05703	0
0.79682	0.05923	0
0.78734	0.06134	0
0.77786	0.06338	0
0.76835	0.06535	0
0.75878	0.06727	0
0.74916	0.06914	0
0.73946	0.07098	0
0.72968	0.07278	0
0.71982	0.07455	0
0.70991	0.07629	0
0.69996	0.07801	0
0.68999	0.0797	0
0.68004	0.08135	0
0.67013	0.08295	0
0.66028	0.08448	0
0.65049	0.08593	0
0.64078	0.0873	0
0.63114	0.08857	0
0.62156	0.08974	0
0.61204	0.09081	0
0.60257	0.09176	0
0.59312	0.0926	0
0.58369	0.09333	0
0.57426	0.094	0
0.56483	0.09463	0
0.55539	0.09524	0
0.54595	0.09586	0
0.53652	0.09653	0
0.52712	0.09726	0
0.51776	0.09808	0
0.50848	0.09902	0
0.49929	0.10009	0
0.49022	0.10129	0
0.4813	0.10258	0
0.47253	0.10391	0
0.46393	0.10522	0
0.45547	0.10648	0
0.44716	0.10764	0
0.43897	0.10868	0
0.4309	0.10956	0
0.42291	0.11026	0
0.415	0.11075	0
0.40712	0.111	0
0.39927	0.11099	0
0.3914	0.11068	0
0.38348	0.1101	0
0.37549	0.10928	0
0.3674	0.10824	0
0.35919	0.107	0
0.35083	0.10559	0
0.34232	0.10404	0
0.33365	0.10238	0
0.32481	0.10066	0
0.31583	0.09891	0
0.30671	0.09719	0
0.2975	0.09557	0
0.28826	0.09408	0
0.27903	0.09271	0
0.26986	0.09144	0
0.26075	0.09023	0
0.25173	0.08908	0
0.24277	0.08795	0
0.23387	0.08681	0
0.22498	0.08565	0
0.21606	0.08442	0
0.20707	0.08311	0
0.19791	0.08166	0
0.18847	0.08003	0
0.17867	0.07819	0
0.169	0.07623	0
0.15977	0.07421	0
0.15086	0.07215	0
0.14216	0.07001	0
0.13354	0.06777	0
0.12486	0.06541	0
0.11591	0.06285	0
0.10642	0.06	0
0.09703	0.05705	0
0.08867	0.05432	0
0.08116	0.05176	0
0.07424	0.04933	0
0.06768	0.04693	0
0.06125	0.0445	0
0.05466	0.0419	0
0.04732	0.03888	0
0.03934	0.0353	0
0.0313	0.03117	0
0.02469	0.02731	0
0.02034	0.02453	0
0.01711	0.02234	0
0.01453	0.02047	0
0.01238	0.01883	0
0.01054	0.01735	0
0.00894	0.01599	0
0.00754	0.01472	0
0.00631	0.01353	0
0.00521	0.0124	0
0.00424	0.01132	0
0.00338	0.0103	0
0.00263	0.00931	0
0.00197	0.00836	0
0.00139	0.00745	0
0.00091	0.00656	0
0.00051	0.00569	0
0.00018	0.00485	0
-0.00006	0.00403	0
-0.00022	0.00323	0
-0.00031	0.00245	0
-0.00031	0.00168	0
-0.00023	0.00093	0
-0.00006	0.00019	0
0.0002	-0.00054	0
0.00056	-0.00126	0
0.001	-0.00197	0
0.00155	-0.00268	0
0.00219	-0.00339	0
0.00293	-0.00409	0
0.00378	-0.00479	0
0.00474	-0.0055	0
0.00584	-0.00621	0
0.00707	-0.00693	0
0.00846	-0.00766	0
0.01004	-0.0084	0
0.01184	-0.00917	0
0.01392	-0.00996	0
0.01636	-0.01078	0
0.0193	-0.01165	0
0.023	-0.01257	0
0.02791	-0.01354	0
0.03488	-0.0144	0
0.04367	-0.01469	0
0.05157	-0.01442	0
0.05865	-0.01398	0
0.0655	-0.01344	0
0.07244	-0.0128	0
0.07971	-0.01207	0
0.08756	-0.01126	0
0.09623	-0.01037	0
0.10592	-0.00945	0
0.11583	-0.00862	0
0.12515	-0.0079	0
0.13419	-0.00724	0
0.14314	-0.0066	0
0.15218	-0.00596	0
0.16143	-0.00526	0
0.17102	-0.00449	0
0.181	-0.00359	0
0.19072	-0.00259	0
0.20002	-0.0015	0
0.209	-0.0003	0
0.21778	0.00099	0
0.22641	0.00235	0
0.23497	0.00375	0
0.2435	0.0052	0
0.25204	0.00665	0
0.26062	0.00811	0
0.26928	0.00955	0
0.27804	0.01094	0
0.28692	0.01226	0
0.29593	0.01349	0
0.30508	0.01459	0
0.31438	0.01556	0
0.32381	0.01639	0
0.33338	0.01711	0
0.34306	0.01773	0
0.35287	0.01825	0
0.36278	0.0187	0
0.37277	0.01909	0
0.38285	0.01944	0
0.39298	0.01977	0
0.40316	0.0201	0
0.41335	0.02044	0
0.42356	0.02079	0
0.43376	0.02113	0
0.44394	0.02147	0
0.45409	0.0218	0
0.46422	0.02211	0
0.47432	0.0224	0
0.48439	0.02266	0
0.49444	0.02289	0
0.50446	0.02308	0
0.51447	0.02324	0
0.52448	0.02335	0
0.53448	0.02343	0
0.54448	0.02347	0
0.55449	0.02347	0
0.56451	0.02343	0
0.57454	0.02336	0
0.58457	0.02324	0
0.5946	0.0231	0
0.60464	0.02291	0
0.61467	0.02268	0
0.6247	0.02242	0
0.63471	0.02212	0
0.64472	0.02177	0
0.6547	0.02138	0
0.66468	0.02094	0
0.67463	0.02046	0
0.68457	0.01993	0
0.6945	0.01935	0
0.70441	0.01871	0
0.71432	0.01803	0
0.72422	0.0173	0
0.73413	0.01654	0
0.74404	0.01574	0
0.75396	0.01492	0
0.76391	0.01408	0
0.77389	0.01323	0
0.7839	0.01237	0
0.79397	0.01151	0
0.8041	0.01066	0
0.8143	0.00981	0
0.8245	0.009	0
0.83464	0.00824	0
0.84474	0.00752	0
0.85485	0.00687	0
0.86501	0.00629	0
0.87521	0.00579	0
0.88526	0.0054	0
0.89506	0.00511	0
0.90457	0.00493	0
0.91372	0.00486	0
0.92249	0.00488	0
0.93088	0.00499	0
0.93888	0.00516	0
0.94651	0.0054	0
0.95378	0.0057	0
0.96073	0.00603	0
0.96735	0.00641	0
0.97369	0.00681	0
0.97976	0.00725	0
0.98558	0.0077	0
0.99116	0.00817	0
0.99653	0.00867	0
1	0.009	0
