E182 (8,47%)		
1	0	0
0.99688	-0.00003	0
0.99098	-0.00006	0
0.98393	-0.00003	0
0.97622	0.00007	0
0.96813	0.00025	0
0.95987	0.00052	0
0.95155	0.00085	0
0.94321	0.00126	0
0.93484	0.00174	0
0.92643	0.00229	0
0.91797	0.00289	0
0.90947	0.00355	0
0.90094	0.00425	0
0.89239	0.00499	0
0.88382	0.00578	0
0.87524	0.0066	0
0.86664	0.00745	0
0.85803	0.00833	0
0.84941	0.00923	0
0.84078	0.01016	0
0.83214	0.01111	0
0.82349	0.01209	0
0.81483	0.01308	0
0.80617	0.01409	0
0.7975	0.01511	0
0.78884	0.01615	0
0.78017	0.01721	0
0.77149	0.01827	0
0.76282	0.01935	0
0.75414	0.02045	0
0.74545	0.02155	0
0.73676	0.02267	0
0.72806	0.02379	0
0.71935	0.02492	0
0.71064	0.02606	0
0.70191	0.0272	0
0.69319	0.02835	0
0.68445	0.0295	0
0.67572	0.03065	0
0.66698	0.0318	0
0.65825	0.03296	0
0.64952	0.03411	0
0.6408	0.03526	0
0.63209	0.0364	0
0.62339	0.03753	0
0.6147	0.03865	0
0.60603	0.03976	0
0.59737	0.04086	0
0.58873	0.04194	0
0.5801	0.04299	0
0.57148	0.04403	0
0.56287	0.04504	0
0.55427	0.04603	0
0.54567	0.04699	0
0.53707	0.04792	0
0.52848	0.04882	0
0.51989	0.0497	0
0.5113	0.05054	0
0.50272	0.05135	0
0.49415	0.05213	0
0.48558	0.05288	0
0.47702	0.05359	0
0.46846	0.05426	0
0.4599	0.05489	0
0.45134	0.05549	0
0.44279	0.05605	0
0.43423	0.05657	0
0.42568	0.05705	0
0.41713	0.05748	0
0.40858	0.05788	0
0.40004	0.05823	0
0.39152	0.05854	0
0.38299	0.05881	0
0.37448	0.05902	0
0.36597	0.05919	0
0.35746	0.05931	0
0.34895	0.05939	0
0.34043	0.05941	0
0.33191	0.05939	0
0.32338	0.05933	0
0.31485	0.05921	0
0.30631	0.05906	0
0.29776	0.05886	0
0.28921	0.05861	0
0.28066	0.05833	0
0.27211	0.058	0
0.26357	0.05763	0
0.25503	0.05722	0
0.24651	0.05676	0
0.23799	0.05626	0
0.22948	0.05571	0
0.22098	0.05512	0
0.21249	0.05448	0
0.20402	0.05379	0
0.19556	0.05305	0
0.18711	0.05226	0
0.17869	0.05142	0
0.17029	0.05052	0
0.16191	0.04957	0
0.15355	0.04856	0
0.1452	0.04748	0
0.13689	0.04634	0
0.12862	0.04514	0
0.12042	0.04387	0
0.1123	0.04253	0
0.10425	0.04111	0
0.09623	0.03961	0
0.08821	0.038	0
0.08018	0.03627	0
0.07229	0.03445	0
0.06472	0.03258	0
0.05757	0.03067	0
0.05066	0.02867	0
0.04364	0.02645	0
0.03627	0.02388	0
0.02953	0.02131	0
0.02438	0.01917	0
0.02038	0.01731	0
0.01697	0.01553	0
0.01379	0.01363	0
0.01061	0.0115	0
0.00777	0.00952	0
0.00561	0.00803	0
0.00398	0.0069	0
0.00274	0.00597	0
0.00179	0.00511	0
0.00106	0.0043	0
0.00052	0.00348	0
0.00014	0.00265	0
-0.00007	0.00178	0
-0.00013	0.00087	0
-0.00004	-0.00009	0
0.0002	-0.00107	0
0.00058	-0.00205	0
0.00112	-0.00301	0
0.00184	-0.00392	0
0.00278	-0.00479	0
0.00398	-0.00564	0
0.00553	-0.0065	0
0.00754	-0.00743	0
0.01015	-0.00855	0
0.01351	-0.00987	0
0.01744	-0.01124	0
0.02172	-0.01251	0
0.02652	-0.01371	0
0.0322	-0.0149	0
0.03907	-0.01616	0
0.04681	-0.01738	0
0.05467	-0.01846	0
0.06242	-0.01938	0
0.07023	-0.02019	0
0.07825	-0.02093	0
0.08651	-0.02159	0
0.09492	-0.02219	0
0.10339	-0.02273	0
0.11186	-0.0232	0
0.12032	-0.02362	0
0.12881	-0.02399	0
0.13733	-0.02432	0
0.14589	-0.02461	0
0.15449	-0.02486	0
0.16311	-0.02508	0
0.17176	-0.02527	0
0.18041	-0.02543	0
0.18907	-0.02556	0
0.19774	-0.02568	0
0.20642	-0.02576	0
0.21511	-0.02583	0
0.22381	-0.02588	0
0.23252	-0.02591	0
0.24124	-0.02592	0
0.24996	-0.02592	0
0.25869	-0.0259	0
0.26743	-0.02586	0
0.27617	-0.02582	0
0.28491	-0.02576	0
0.29366	-0.02569	0
0.30241	-0.02561	0
0.31116	-0.02552	0
0.31992	-0.02541	0
0.32868	-0.0253	0
0.33744	-0.02518	0
0.3462	-0.02505	0
0.35496	-0.02491	0
0.36373	-0.02476	0
0.3725	-0.02461	0
0.38127	-0.02445	0
0.39005	-0.02428	0
0.39883	-0.0241	0
0.40761	-0.02392	0
0.4164	-0.02373	0
0.42518	-0.02354	0
0.43397	-0.02335	0
0.44276	-0.02314	0
0.45154	-0.02294	0
0.46033	-0.02273	0
0.46911	-0.02251	0
0.4779	-0.02229	0
0.48668	-0.02207	0
0.49547	-0.02184	0
0.50425	-0.0216	0
0.51304	-0.02136	0
0.52183	-0.02112	0
0.53062	-0.02087	0
0.53942	-0.02062	0
0.54821	-0.02036	0
0.557	-0.02011	0
0.56579	-0.01984	0
0.57458	-0.01958	0
0.58337	-0.01931	0
0.59216	-0.01904	0
0.60095	-0.01876	0
0.60974	-0.01848	0
0.61854	-0.01819	0
0.62733	-0.01791	0
0.63613	-0.01762	0
0.64493	-0.01733	0
0.65372	-0.01703	0
0.66252	-0.01673	0
0.67131	-0.01643	0
0.6801	-0.01613	0
0.68889	-0.01582	0
0.69767	-0.01551	0
0.70646	-0.01519	0
0.71525	-0.01487	0
0.72404	-0.01455	0
0.73284	-0.01422	0
0.74163	-0.01389	0
0.75042	-0.01356	0
0.75921	-0.01322	0
0.76799	-0.01288	0
0.77677	-0.01254	0
0.78555	-0.01219	0
0.79433	-0.01183	0
0.80311	-0.01147	0
0.81189	-0.01111	0
0.82068	-0.01074	0
0.82946	-0.01036	0
0.83824	-0.00999	0
0.84701	-0.0096	0
0.85578	-0.00921	0
0.86454	-0.00881	0
0.87329	-0.00841	0
0.88204	-0.008	0
0.89079	-0.00757	0
0.89953	-0.00714	0
0.90825	-0.00669	0
0.91695	-0.00623	0
0.92563	-0.00576	0
0.93426	-0.00526	0
0.94284	-0.00473	0
0.95135	-0.00417	0
0.95974	-0.00356	0
0.96798	-0.0029	0
0.97608	-0.00218	0
0.98392	-0.00144	0
0.99106	-0.00076	0
0.9969	-0.00024	0
1	0	0
