E195  (11,82%)		
1	0	0
0.99655	0.0005	0
0.99063	0.00145	0
0.98382	0.00267	0
0.97622	0.00412	0
0.96801	0.00574	0
0.95945	0.00743	0
0.95075	0.00915	0
0.94201	0.01084	0
0.93322	0.01252	0
0.92439	0.01418	0
0.91551	0.01583	0
0.90658	0.01747	0
0.89762	0.0191	0
0.88864	0.02072	0
0.87964	0.02234	0
0.87063	0.02396	0
0.86162	0.02557	0
0.8526	0.02718	0
0.84358	0.02879	0
0.83457	0.03039	0
0.82555	0.03199	0
0.81654	0.03359	0
0.80752	0.03518	0
0.7985	0.03676	0
0.78948	0.03835	0
0.78047	0.03993	0
0.77145	0.0415	0
0.76243	0.04307	0
0.75342	0.04463	0
0.74441	0.04619	0
0.73541	0.04774	0
0.72641	0.04928	0
0.71742	0.05081	0
0.70842	0.05234	0
0.69943	0.05385	0
0.69044	0.05536	0
0.68145	0.05685	0
0.67246	0.05833	0
0.66348	0.0598	0
0.6545	0.06126	0
0.64553	0.0627	0
0.63657	0.06413	0
0.62761	0.06553	0
0.61865	0.06693	0
0.60971	0.0683	0
0.60076	0.06965	0
0.59183	0.07097	0
0.58291	0.07227	0
0.57401	0.07355	0
0.56512	0.07479	0
0.55625	0.07599	0
0.5474	0.07717	0
0.53856	0.0783	0
0.52974	0.07938	0
0.52093	0.08043	0
0.51213	0.08143	0
0.50334	0.08238	0
0.49455	0.08328	0
0.48577	0.08413	0
0.477	0.08493	0
0.46823	0.08567	0
0.45946	0.08636	0
0.4507	0.087	0
0.44193	0.08758	0
0.43318	0.0881	0
0.42442	0.08857	0
0.41567	0.08897	0
0.40693	0.08932	0
0.39819	0.0896	0
0.38946	0.08983	0
0.38074	0.08999	0
0.37202	0.09009	0
0.3633	0.09012	0
0.35459	0.09008	0
0.34589	0.08999	0
0.3372	0.08982	0
0.32852	0.08959	0
0.31984	0.08928	0
0.31117	0.08891	0
0.3025	0.08847	0
0.29383	0.08797	0
0.28516	0.08739	0
0.27649	0.08674	0
0.26782	0.08603	0
0.25916	0.08525	0
0.2505	0.0844	0
0.24185	0.08349	0
0.23322	0.08251	0
0.22461	0.08146	0
0.21602	0.08035	0
0.20744	0.07916	0
0.19888	0.07791	0
0.19035	0.07658	0
0.18185	0.07518	0
0.17338	0.0737	0
0.16495	0.07215	0
0.15656	0.07053	0
0.14822	0.06882	0
0.13992	0.06703	0
0.13167	0.06515	0
0.12348	0.06318	0
0.11536	0.06112	0
0.10733	0.05898	0
0.0994	0.05674	0
0.09158	0.0544	0
0.08386	0.05196	0
0.07623	0.0494	0
0.06875	0.04673	0
0.06151	0.04398	0
0.05461	0.04119	0
0.04809	0.03835	0
0.04187	0.03546	0
0.03589	0.03245	0
0.03026	0.02939	0
0.02533	0.02649	0
0.02126	0.02392	0
0.01792	0.02163	0
0.01509	0.01952	0
0.01262	0.0175	0
0.01039	0.01552	0
0.00838	0.01355	0
0.0066	0.01169	0
0.00511	0.01001	0
0.00385	0.00853	0
0.00282	0.00723	0
0.00197	0.00608	0
0.0013	0.00502	0
0.00078	0.00402	0
0.0004	0.00305	0
0.00014	0.00211	0
0	0.00117	0
0	0.00021	0
0.00011	-0.00076	0
0.00035	-0.00176	0
0.00072	-0.00277	0
0.00122	-0.0038	0
0.00186	-0.00483	0
0.00267	-0.00583	0
0.00367	-0.0068	0
0.00488	-0.00774	0
0.00635	-0.00866	0
0.00809	-0.00958	0
0.01015	-0.01054	0
0.01254	-0.0116	0
0.01531	-0.01275	0
0.0185	-0.01398	0
0.02213	-0.01524	0
0.02623	-0.0165	0
0.03093	-0.01775	0
0.03637	-0.01899	0
0.04265	-0.02025	0
0.04968	-0.02151	0
0.05721	-0.0227	0
0.06495	-0.02378	0
0.07284	-0.02473	0
0.0809	-0.02559	0
0.08918	-0.02636	0
0.09763	-0.02706	0
0.1062	-0.02767	0
0.11485	-0.02821	0
0.12353	-0.02869	0
0.13225	-0.0291	0
0.141	-0.02945	0
0.1498	-0.02975	0
0.15863	-0.03	0
0.1675	-0.03021	0
0.1764	-0.03038	0
0.18532	-0.0305	0
0.19426	-0.03059	0
0.2032	-0.03065	0
0.21216	-0.03067	0
0.22114	-0.03067	0
0.23013	-0.03063	0
0.23913	-0.03057	0
0.24814	-0.03048	0
0.25716	-0.03037	0
0.2662	-0.03023	0
0.27523	-0.03008	0
0.28427	-0.0299	0
0.29331	-0.0297	0
0.30235	-0.02948	0
0.31139	-0.02925	0
0.32043	-0.02899	0
0.32946	-0.02871	0
0.3385	-0.02841	0
0.34753	-0.02809	0
0.35658	-0.02775	0
0.36562	-0.02739	0
0.37468	-0.02701	0
0.38374	-0.02662	0
0.39281	-0.02621	0
0.40189	-0.02579	0
0.41098	-0.02535	0
0.42008	-0.0249	0
0.42919	-0.02444	0
0.43831	-0.02397	0
0.44743	-0.0235	0
0.45656	-0.02301	0
0.46571	-0.02252	0
0.47486	-0.02203	0
0.48401	-0.02154	0
0.49317	-0.02104	0
0.50234	-0.02054	0
0.5115	-0.02004	0
0.52067	-0.01954	0
0.52984	-0.01904	0
0.53901	-0.01854	0
0.54817	-0.01804	0
0.55734	-0.01754	0
0.5665	-0.01704	0
0.57565	-0.01655	0
0.58481	-0.01605	0
0.59396	-0.01556	0
0.60311	-0.01507	0
0.61226	-0.01459	0
0.62141	-0.01411	0
0.63055	-0.01363	0
0.6397	-0.01316	0
0.64884	-0.01269	0
0.65799	-0.01222	0
0.66713	-0.01176	0
0.67627	-0.01131	0
0.68541	-0.01085	0
0.69455	-0.01041	0
0.70368	-0.00997	0
0.71282	-0.00953	0
0.72195	-0.0091	0
0.73108	-0.00868	0
0.7402	-0.00826	0
0.74933	-0.00785	0
0.75845	-0.00745	0
0.76757	-0.00706	0
0.7767	-0.00667	0
0.78582	-0.00629	0
0.79494	-0.00592	0
0.80407	-0.00556	0
0.8132	-0.0052	0
0.82232	-0.00485	0
0.83144	-0.00451	0
0.84056	-0.00418	0
0.84968	-0.00385	0
0.85879	-0.00354	0
0.86791	-0.00323	0
0.87702	-0.00294	0
0.88613	-0.00265	0
0.89525	-0.00238	0
0.90437	-0.0021	0
0.9135	-0.00183	0
0.92263	-0.00156	0
0.93175	-0.00128	0
0.94086	-0.001	0
0.94991	-0.00073	0
0.95886	-0.00046	0
0.96757	-0.00022	0
0.97587	-0.00001	0
0.98357	0.00012	0
0.99049	0.00015	0
0.99651	0.00009	0
1	0	0
