E222  (10,17%)		
1	0	0
0.99658	0.00073	0
0.99056	0.00212	0
0.98353	0.0038	0
0.97588	0.00563	0
0.96796	0.00747	0
0.95987	0.00926	0
0.95162	0.011	0
0.94322	0.0127	0
0.93471	0.01435	0
0.9261	0.01598	0
0.91744	0.01758	0
0.90874	0.01916	0
0.90003	0.02072	0
0.8913	0.02225	0
0.88256	0.02376	0
0.87381	0.02526	0
0.86505	0.02673	0
0.85628	0.02818	0
0.84751	0.02962	0
0.83874	0.03103	0
0.82997	0.03243	0
0.82119	0.0338	0
0.81242	0.03515	0
0.80363	0.03649	0
0.79484	0.0378	0
0.78605	0.03909	0
0.77725	0.04037	0
0.76846	0.04162	0
0.75966	0.04285	0
0.75086	0.04407	0
0.74206	0.04526	0
0.73326	0.04643	0
0.72445	0.04758	0
0.71564	0.04871	0
0.70682	0.04982	0
0.69801	0.05091	0
0.68919	0.05198	0
0.68037	0.05303	0
0.67155	0.05406	0
0.66274	0.05507	0
0.65392	0.05605	0
0.64511	0.05701	0
0.6363	0.05794	0
0.62748	0.05885	0
0.61866	0.05974	0
0.60983	0.06061	0
0.601	0.06145	0
0.59218	0.06227	0
0.58335	0.06307	0
0.57452	0.06384	0
0.5657	0.06458	0
0.55688	0.0653	0
0.54806	0.066	0
0.53925	0.06666	0
0.53043	0.0673	0
0.52161	0.06792	0
0.51279	0.0685	0
0.50397	0.06906	0
0.49515	0.06959	0
0.48633	0.07009	0
0.47751	0.07056	0
0.4687	0.071	0
0.45988	0.07141	0
0.45107	0.07179	0
0.44226	0.07214	0
0.43346	0.07246	0
0.42466	0.07274	0
0.41586	0.073	0
0.40706	0.07321	0
0.39827	0.0734	0
0.38948	0.07355	0
0.38069	0.07366	0
0.37191	0.07374	0
0.36313	0.07377	0
0.35436	0.07378	0
0.34559	0.07374	0
0.33683	0.07366	0
0.32808	0.07354	0
0.31933	0.07338	0
0.3106	0.07318	0
0.30187	0.07294	0
0.29314	0.07264	0
0.28443	0.07231	0
0.27573	0.07192	0
0.26703	0.07149	0
0.25835	0.07101	0
0.24968	0.07048	0
0.24103	0.0699	0
0.2324	0.06926	0
0.22378	0.06856	0
0.21518	0.06781	0
0.2066	0.067	0
0.19804	0.06612	0
0.1895	0.06519	0
0.18099	0.06418	0
0.17251	0.06311	0
0.16406	0.06197	0
0.15566	0.06076	0
0.1473	0.05947	0
0.13897	0.05809	0
0.13069	0.05663	0
0.12245	0.05508	0
0.11429	0.05344	0
0.1062	0.05171	0
0.09822	0.04988	0
0.09032	0.04794	0
0.0825	0.04589	0
0.07476	0.04371	0
0.06716	0.04141	0
0.05981	0.03901	0
0.05281	0.03655	0
0.04616	0.03402	0
0.03976	0.03136	0
0.03351	0.02853	0
0.02772	0.02563	0
0.02285	0.02297	0
0.01895	0.02064	0
0.01575	0.01853	0
0.01299	0.01653	0
0.01053	0.01454	0
0.00829	0.01254	0
0.00634	0.01063	0
0.00475	0.00895	0
0.00346	0.00751	0
0.00243	0.00627	0
0.00163	0.00518	0
0.00101	0.00417	0
0.00054	0.00321	0
0.00022	0.00229	0
0.00004	0.00137	0
-0.00001	0.00045	0
0.00008	-0.0005	0
0.00031	-0.00147	0
0.00067	-0.00247	0
0.00118	-0.00349	0
0.00186	-0.00452	0
0.00272	-0.00554	0
0.00379	-0.00654	0
0.00513	-0.00751	0
0.0068	-0.00848	0
0.00884	-0.00946	0
0.01131	-0.01054	0
0.01425	-0.01178	0
0.01772	-0.01315	0
0.02173	-0.0146	0
0.02625	-0.01602	0
0.03141	-0.01742	0
0.03738	-0.01881	0
0.0442	-0.0202	0
0.05168	-0.02156	0
0.05943	-0.02281	0
0.06725	-0.02391	0
0.07517	-0.02489	0
0.08325	-0.02576	0
0.09151	-0.02655	0
0.09992	-0.02725	0
0.10841	-0.02787	0
0.11693	-0.02841	0
0.12548	-0.02888	0
0.13406	-0.02928	0
0.14267	-0.02962	0
0.15133	-0.02991	0
0.16002	-0.03014	0
0.16874	-0.03033	0
0.17748	-0.03047	0
0.18623	-0.03057	0
0.19499	-0.03063	0
0.20376	-0.03065	0
0.21255	-0.03063	0
0.22135	-0.03058	0
0.23017	-0.03049	0
0.23901	-0.03038	0
0.24786	-0.03024	0
0.25672	-0.03007	0
0.26558	-0.02988	0
0.27444	-0.02966	0
0.28331	-0.02942	0
0.29218	-0.02916	0
0.30105	-0.02888	0
0.30994	-0.02858	0
0.31883	-0.02825	0
0.32773	-0.02791	0
0.33664	-0.02756	0
0.34555	-0.02719	0
0.35447	-0.0268	0
0.36339	-0.0264	0
0.37231	-0.02599	0
0.38123	-0.02556	0
0.39015	-0.02512	0
0.39907	-0.02467	0
0.408	-0.02421	0
0.41693	-0.02373	0
0.42587	-0.02325	0
0.43481	-0.02276	0
0.44376	-0.02225	0
0.4527	-0.02174	0
0.46165	-0.02123	0
0.47061	-0.0207	0
0.47956	-0.02017	0
0.48852	-0.01963	0
0.49748	-0.01909	0
0.50644	-0.01854	0
0.5154	-0.01798	0
0.52437	-0.01743	0
0.53334	-0.01686	0
0.54231	-0.0163	0
0.55129	-0.01573	0
0.56027	-0.01516	0
0.56925	-0.01459	0
0.57823	-0.01401	0
0.58722	-0.01344	0
0.5962	-0.01286	0
0.60518	-0.01228	0
0.61417	-0.01171	0
0.62315	-0.01113	0
0.63212	-0.01055	0
0.6411	-0.00998	0
0.65007	-0.00941	0
0.65904	-0.00884	0
0.66801	-0.00828	0
0.67697	-0.00772	0
0.68594	-0.00716	0
0.69491	-0.00661	0
0.70387	-0.00606	0
0.71283	-0.00552	0
0.72178	-0.00499	0
0.73073	-0.00446	0
0.73967	-0.00394	0
0.7486	-0.00343	0
0.75753	-0.00293	0
0.76646	-0.00244	0
0.77539	-0.00196	0
0.78431	-0.0015	0
0.79323	-0.00105	0
0.80215	-0.00061	0
0.81106	-0.00018	0
0.81996	0.00023	0
0.82885	0.00062	0
0.83773	0.00099	0
0.8466	0.00134	0
0.85546	0.00167	0
0.86431	0.00198	0
0.87314	0.00225	0
0.88197	0.0025	0
0.89077	0.00272	0
0.89955	0.0029	0
0.90831	0.00304	0
0.91703	0.00314	0
0.9257	0.00319	0
0.93431	0.00318	0
0.94285	0.0031	0
0.95131	0.00295	0
0.95967	0.00272	0
0.96787	0.0024	0
0.97584	0.00199	0
0.98342	0.00149	0
0.99041	0.00094	0
0.99652	0.00036	0
1	0	0
