E392  (10,15%)		
1	0	0
0.99677	0.00056	0
0.99081	0.00165	0
0.98372	0.00303	0
0.97582	0.00461	0
0.96746	0.00631	0
0.95894	0.00804	0
0.95042	0.00974	0
0.94191	0.01142	0
0.93339	0.01307	0
0.92482	0.0147	0
0.91622	0.01632	0
0.90758	0.01792	0
0.89893	0.01951	0
0.89025	0.0211	0
0.88158	0.02268	0
0.87289	0.02425	0
0.8642	0.02581	0
0.85552	0.02736	0
0.84682	0.02891	0
0.83813	0.03045	0
0.82943	0.03199	0
0.82073	0.03352	0
0.81203	0.03504	0
0.80333	0.03656	0
0.79463	0.03807	0
0.78593	0.03957	0
0.77723	0.04107	0
0.76853	0.04256	0
0.75984	0.04404	0
0.75114	0.04551	0
0.74244	0.04697	0
0.73375	0.04842	0
0.72506	0.04986	0
0.71637	0.0513	0
0.70768	0.05272	0
0.69899	0.05413	0
0.6903	0.05552	0
0.68161	0.05691	0
0.67293	0.05828	0
0.66424	0.05964	0
0.65556	0.06098	0
0.64687	0.06231	0
0.63819	0.06362	0
0.62951	0.06492	0
0.62084	0.0662	0
0.61217	0.06746	0
0.6035	0.0687	0
0.59484	0.06991	0
0.58619	0.07111	0
0.57755	0.07227	0
0.56892	0.07341	0
0.56031	0.07452	0
0.5517	0.07559	0
0.5431	0.07663	0
0.5345	0.07763	0
0.52591	0.07859	0
0.51733	0.07952	0
0.50875	0.0804	0
0.50018	0.08124	0
0.4916	0.08204	0
0.48304	0.08279	0
0.47447	0.0835	0
0.46591	0.08416	0
0.45735	0.08477	0
0.4488	0.08533	0
0.44025	0.08584	0
0.4317	0.0863	0
0.42315	0.08671	0
0.41461	0.08706	0
0.40607	0.08736	0
0.39754	0.08761	0
0.38901	0.0878	0
0.38049	0.08793	0
0.37198	0.088	0
0.36348	0.08801	0
0.35498	0.08796	0
0.34648	0.08785	0
0.33799	0.08768	0
0.32951	0.08744	0
0.32103	0.08715	0
0.31254	0.08679	0
0.30406	0.08636	0
0.29559	0.08588	0
0.28711	0.08533	0
0.27864	0.08472	0
0.27016	0.08405	0
0.2617	0.08331	0
0.25323	0.08252	0
0.24478	0.08166	0
0.23633	0.08074	0
0.2279	0.07976	0
0.21948	0.07872	0
0.21108	0.07761	0
0.2027	0.07644	0
0.19434	0.0752	0
0.18601	0.0739	0
0.1777	0.07253	0
0.16942	0.07108	0
0.16117	0.06956	0
0.15296	0.06797	0
0.14478	0.0663	0
0.13665	0.06454	0
0.12856	0.06271	0
0.12053	0.06079	0
0.11256	0.05877	0
0.10465	0.05667	0
0.09682	0.05447	0
0.08908	0.05216	0
0.08144	0.04976	0
0.07392	0.04724	0
0.06654	0.04462	0
0.05933	0.04188	0
0.05231	0.03903	0
0.04551	0.03606	0
0.03898	0.03299	0
0.03281	0.02984	0
0.02713	0.02669	0
0.02206	0.02359	0
0.01765	0.02061	0
0.01389	0.01778	0
0.01075	0.01516	0
0.0082	0.01282	0
0.00616	0.01077	0
0.00452	0.00897	0
0.00323	0.00735	0
0.00222	0.00586	0
0.00142	0.00446	0
0.0008	0.00315	0
0.00032	0.00191	0
-0.00001	0.00076	0
-0.0002	-0.00029	0
-0.00024	-0.00126	0
-0.00012	-0.00213	0
0.00017	-0.00293	0
0.00064	-0.00365	0
0.0013	-0.00433	0
0.00216	-0.00498	0
0.00328	-0.00563	0
0.00472	-0.00631	0
0.00662	-0.00708	0
0.00918	-0.00808	0
0.01263	-0.00935	0
0.01644	-0.01058	0
0.02015	-0.01157	0
0.02409	-0.01243	0
0.02869	-0.01326	0
0.03462	-0.01414	0
0.04246	-0.01512	0
0.05098	-0.01599	0
0.05891	-0.01664	0
0.06657	-0.01715	0
0.07438	-0.01757	0
0.08258	-0.01793	0
0.09112	-0.01822	0
0.0998	-0.01845	0
0.10846	-0.01862	0
0.11706	-0.01873	0
0.12562	-0.0188	0
0.1342	-0.01883	0
0.14283	-0.01882	0
0.15151	-0.01878	0
0.16023	-0.01872	0
0.16898	-0.01862	0
0.17774	-0.0185	0
0.18649	-0.01836	0
0.19525	-0.0182	0
0.20401	-0.01802	0
0.21278	-0.01783	0
0.22155	-0.01762	0
0.23034	-0.01739	0
0.23913	-0.01715	0
0.24793	-0.0169	0
0.25673	-0.01664	0
0.26553	-0.01636	0
0.27433	-0.01607	0
0.28314	-0.01578	0
0.29195	-0.01547	0
0.30075	-0.01515	0
0.30956	-0.01482	0
0.31837	-0.01449	0
0.32718	-0.01414	0
0.33599	-0.01379	0
0.3448	-0.01342	0
0.35361	-0.01305	0
0.36242	-0.01267	0
0.37124	-0.01228	0
0.38005	-0.01188	0
0.38887	-0.01148	0
0.39769	-0.01107	0
0.40652	-0.01065	0
0.41534	-0.01023	0
0.42417	-0.0098	0
0.43301	-0.00936	0
0.44184	-0.00893	0
0.45068	-0.00848	0
0.45953	-0.00804	0
0.46838	-0.00759	0
0.47724	-0.00714	0
0.48609	-0.00669	0
0.49495	-0.00624	0
0.5038	-0.00579	0
0.51265	-0.00535	0
0.5215	-0.0049	0
0.53034	-0.00446	0
0.53918	-0.00402	0
0.54801	-0.00358	0
0.55684	-0.00315	0
0.56567	-0.00273	0
0.57449	-0.00231	0
0.58331	-0.00189	0
0.59213	-0.00149	0
0.60095	-0.00109	0
0.60976	-0.0007	0
0.61857	-0.00032	0
0.62738	0.00005	0
0.63619	0.00042	0
0.645	0.00077	0
0.6538	0.00112	0
0.66261	0.00145	0
0.67141	0.00178	0
0.68021	0.00209	0
0.68902	0.0024	0
0.69782	0.00269	0
0.70662	0.00297	0
0.71541	0.00324	0
0.72421	0.0035	0
0.733	0.00374	0
0.74178	0.00397	0
0.75056	0.00419	0
0.75934	0.00439	0
0.76812	0.00458	0
0.77689	0.00475	0
0.78567	0.0049	0
0.79444	0.00504	0
0.80321	0.00516	0
0.81198	0.00527	0
0.82074	0.00535	0
0.82949	0.00542	0
0.83824	0.00547	0
0.84698	0.00549	0
0.85572	0.00549	0
0.86445	0.00547	0
0.87317	0.00543	0
0.88189	0.00536	0
0.8906	0.00526	0
0.8993	0.00514	0
0.90798	0.00499	0
0.91663	0.0048	0
0.92525	0.00457	0
0.93384	0.0043	0
0.9424	0.00398	0
0.9509	0.00362	0
0.95934	0.00319	0
0.96767	0.00271	0
0.97581	0.00216	0
0.98358	0.00156	0
0.9907	0.00094	0
0.99674	0.00034	0
1	0	0
