E63  (4,25%)
   1.00000	   0.00000
   0.99691	   0.00133
   0.99014	   0.00439
   0.98310	   0.00752
   0.97608	   0.01043
   0.96889	   0.01312
   0.96154	   0.01559
   0.95403	   0.01788
   0.94635	   0.02002
   0.93852	   0.02206
   0.93057	   0.02401
   0.92257	   0.02588
   0.91453	   0.02767
   0.90647	   0.02940
   0.89839	   0.03107
   0.89029	   0.03268
   0.88217	   0.03424
   0.87402	   0.03574
   0.86586	   0.03720
   0.85768	   0.03861
   0.84948	   0.03998
   0.84127	   0.04131
   0.83306	   0.04260
   0.82483	   0.04385
   0.81661	   0.04506
   0.80837	   0.04624
   0.80012	   0.04738
   0.79186	   0.04849
   0.78359	   0.04957
   0.77532	   0.05062
   0.76703	   0.05164
   0.75875	   0.05263
   0.75047	   0.05359
   0.74218	   0.05452
   0.73390	   0.05542
   0.72560	   0.05630
   0.71730	   0.05714
   0.70899	   0.05795
   0.70068	   0.05874
   0.69236	   0.05951
   0.68403	   0.06025
   0.67571	   0.06096
   0.66739	   0.06166
   0.65906	   0.06232
   0.65074	   0.06296
   0.64241	   0.06357
   0.63408	   0.06416
   0.62575	   0.06472
   0.61741	   0.06526
   0.60907	   0.06577
   0.60073	   0.06626
   0.59238	   0.06673
   0.58404	   0.06717
   0.57569	   0.06759
   0.56735	   0.06799
   0.55900	   0.06836
   0.55066	   0.06870
   0.54231	   0.06902
   0.53397	   0.06932
   0.52561	   0.06959
   0.51726	   0.06984
   0.50890	   0.07006
   0.50055	   0.07027
   0.49219	   0.07045
   0.48384	   0.07060
   0.47548	   0.07073
   0.46713	   0.07084
   0.45879	   0.07092
   0.45044	   0.07097
   0.44209	   0.07100
   0.43374	   0.07100
   0.42539	   0.07098
   0.41704	   0.07092
   0.40868	   0.07085
   0.40033	   0.07075
   0.39198	   0.07062
   0.38363	   0.07047
   0.37529	   0.07029
   0.36695	   0.07008
   0.35861	   0.06985
   0.35028	   0.06958
   0.34194	   0.06928
   0.33361	   0.06896
   0.32528	   0.06860
   0.31694	   0.06821
   0.30862	   0.06780
   0.30029	   0.06735
   0.29198	   0.06687
   0.28366	   0.06635
   0.27536	   0.06581
   0.26706	   0.06522
   0.25877	   0.06460
   0.25047	   0.06393
   0.24219	   0.06323
   0.23390	   0.06249
   0.22563	   0.06171
   0.21736	   0.06089
   0.20911	   0.06003
   0.20086	   0.05912
   0.19263	   0.05816
   0.18441	   0.05716
   0.17620	   0.05610
   0.16800	   0.05498
   0.15982	   0.05381
   0.15165	   0.05259
   0.14350	   0.05130
   0.13537	   0.04995
   0.12727	   0.04853
   0.11920	   0.04704
   0.11116	   0.04546
   0.10315	   0.04381
   0.09517	   0.04206
   0.08724	   0.04022
   0.07939	   0.03828
   0.07160	   0.03622
   0.06387	   0.03405
   0.05619	   0.03172
   0.04861	   0.02924
   0.04123	   0.02661
   0.03417	   0.02386
   0.02731	   0.02091
   0.02042	   0.01759
   0.01412	   0.01402
   0.00939	   0.01084
   0.00566	   0.00791
   0.00243	   0.00477
   0.00088	   0.00241
   0.00019	   0.00083
  -0.00009	  -0.00030
  -0.00007	  -0.00116
   0.00022	  -0.00180
   0.00079	  -0.00227
   0.00166	  -0.00263
   0.00298	  -0.00288
   0.00534	  -0.00305
   0.00981	  -0.00322
   0.01304	  -0.00330
   0.01787	  -0.00327
   0.02189	  -0.00311
   0.02579	  -0.00287
   0.03078	  -0.00248
   0.03774	  -0.00185
   0.04367	  -0.00128
   0.04987	  -0.00064
   0.05739	   0.00017
   0.06472	   0.00098
   0.07188	   0.00180
   0.07949	   0.00269
   0.08765	   0.00365
   0.09562	   0.00459
   0.10354	   0.00553
   0.11163	   0.00648
   0.11992	   0.00746
   0.12814	   0.00842
   0.13632	   0.00937
   0.14454	   0.01032
   0.15282	   0.01126
   0.16117	   0.01220
   0.16952	   0.01313
   0.17787	   0.01404
   0.18623	   0.01495
   0.19458	   0.01584
   0.20292	   0.01672
   0.21124	   0.01758
   0.21956	   0.01842
   0.22789	   0.01926
   0.23621	   0.02008
   0.24455	   0.02088
   0.25289	   0.02167
   0.26123	   0.02244
   0.26958	   0.02319
   0.27793	   0.02393
   0.28628	   0.02466
   0.29463	   0.02537
   0.30297	   0.02606
   0.31132	   0.02674
   0.31967	   0.02740
   0.32802	   0.02805
   0.33637	   0.02868
   0.34472	   0.02929
   0.35306	   0.02988
   0.36142	   0.03046
   0.36977	   0.03102
   0.37812	   0.03156
   0.38648	   0.03208
   0.39484	   0.03259
   0.40320	   0.03308
   0.41156	   0.03355
   0.41992	   0.03401
   0.42828	   0.03445
   0.43664	   0.03487
   0.44500	   0.03527
   0.45336	   0.03565
   0.46172	   0.03602
   0.47008	   0.03636
   0.47844	   0.03669
   0.48680	   0.03699
   0.49516	   0.03728
   0.50353	   0.03755
   0.51189	   0.03779
   0.52026	   0.03802
   0.52862	   0.03823
   0.53699	   0.03842
   0.54535	   0.03859
   0.55372	   0.03875
   0.56208	   0.03888
   0.57044	   0.03899
   0.57880	   0.03907
   0.58716	   0.03914
   0.59551	   0.03918
   0.60387	   0.03920
   0.61223	   0.03920
   0.62060	   0.03917
   0.62896	   0.03912
   0.63732	   0.03906
   0.64568	   0.03897
   0.65404	   0.03885
   0.66239	   0.03872
   0.67075	   0.03856
   0.67910	   0.03837
   0.68744	   0.03816
   0.69579	   0.03793
   0.70414	   0.03767
   0.71248	   0.03738
   0.72083	   0.03707
   0.72917	   0.03673
   0.73751	   0.03636
   0.74585	   0.03596
   0.75418	   0.03554
   0.76251	   0.03509
   0.77084	   0.03461
   0.77915	   0.03410
   0.78746	   0.03356
   0.79577	   0.03298
   0.80407	   0.03237
   0.81238	   0.03172
   0.82068	   0.03104
   0.82897	   0.03032
   0.83726	   0.02956
   0.84554	   0.02877
   0.85380	   0.02793E63  (4,25%)		
1	0	0
0.99691	0.00133	0
0.99014	0.00439	0
0.9831	0.00752	0
0.97608	0.01043	0
0.96889	0.01312	0
0.96154	0.01559	0
0.95403	0.01788	0
0.94635	0.02002	0
0.93852	0.02206	0
0.93057	0.02401	0
0.92257	0.02588	0
0.91453	0.02767	0
0.90647	0.0294	0
0.89839	0.03107	0
0.89029	0.03268	0
0.88217	0.03424	0
0.87402	0.03574	0
0.86586	0.0372	0
0.85768	0.03861	0
0.84948	0.03998	0
0.84127	0.04131	0
0.83306	0.0426	0
0.82483	0.04385	0
0.81661	0.04506	0
0.80837	0.04624	0
0.80012	0.04738	0
0.79186	0.04849	0
0.78359	0.04957	0
0.77532	0.05062	0
0.76703	0.05164	0
0.75875	0.05263	0
0.75047	0.05359	0
0.74218	0.05452	0
0.7339	0.05542	0
0.7256	0.0563	0
0.7173	0.05714	0
0.70899	0.05795	0
0.70068	0.05874	0
0.69236	0.05951	0
0.68403	0.06025	0
0.67571	0.06096	0
0.66739	0.06166	0
0.65906	0.06232	0
0.65074	0.06296	0
0.64241	0.06357	0
0.63408	0.06416	0
0.62575	0.06472	0
0.61741	0.06526	0
0.60907	0.06577	0
0.60073	0.06626	0
0.59238	0.06673	0
0.58404	0.06717	0
0.57569	0.06759	0
0.56735	0.06799	0
0.559	0.06836	0
0.55066	0.0687	0
0.54231	0.06902	0
0.53397	0.06932	0
0.52561	0.06959	0
0.51726	0.06984	0
0.5089	0.07006	0
0.50055	0.07027	0
0.49219	0.07045	0
0.48384	0.0706	0
0.47548	0.07073	0
0.46713	0.07084	0
0.45879	0.07092	0
0.45044	0.07097	0
0.44209	0.071	0
0.43374	0.071	0
0.42539	0.07098	0
0.41704	0.07092	0
0.40868	0.07085	0
0.40033	0.07075	0
0.39198	0.07062	0
0.38363	0.07047	0
0.37529	0.07029	0
0.36695	0.07008	0
0.35861	0.06985	0
0.35028	0.06958	0
0.34194	0.06928	0
0.33361	0.06896	0
0.32528	0.0686	0
0.31694	0.06821	0
0.30862	0.0678	0
0.30029	0.06735	0
0.29198	0.06687	0
0.28366	0.06635	0
0.27536	0.06581	0
0.26706	0.06522	0
0.25877	0.0646	0
0.25047	0.06393	0
0.24219	0.06323	0
0.2339	0.06249	0
0.22563	0.06171	0
0.21736	0.06089	0
0.20911	0.06003	0
0.20086	0.05912	0
0.19263	0.05816	0
0.18441	0.05716	0
0.1762	0.0561	0
0.168	0.05498	0
0.15982	0.05381	0
0.15165	0.05259	0
0.1435	0.0513	0
0.13537	0.04995	0
0.12727	0.04853	0
0.1192	0.04704	0
0.11116	0.04546	0
0.10315	0.04381	0
0.09517	0.04206	0
0.08724	0.04022	0
0.07939	0.03828	0
0.0716	0.03622	0
0.06387	0.03405	0
0.05619	0.03172	0
0.04861	0.02924	0
0.04123	0.02661	0
0.03417	0.02386	0
0.02731	0.02091	0
0.02042	0.01759	0
0.01412	0.01402	0
0.00939	0.01084	0
0.00566	0.00791	0
0.00243	0.00477	0
0.00088	0.00241	0
0.00019	0.00083	0
-0.00009	-0.0003	0
-0.00007	-0.00116	0
0.00022	-0.0018	0
0.00079	-0.00227	0
0.00166	-0.00263	0
0.00298	-0.00288	0
0.00534	-0.00305	0
0.00981	-0.00322	0
0.01304	-0.0033	0
0.01787	-0.00327	0
0.02189	-0.00311	0
0.02579	-0.00287	0
0.03078	-0.00248	0
0.03774	-0.00185	0
0.04367	-0.00128	0
0.04987	-0.00064	0
0.05739	0.00017	0
0.06472	0.00098	0
0.07188	0.0018	0
0.07949	0.00269	0
0.08765	0.00365	0
0.09562	0.00459	0
0.10354	0.00553	0
0.11163	0.00648	0
0.11992	0.00746	0
0.12814	0.00842	0
0.13632	0.00937	0
0.14454	0.01032	0
0.15282	0.01126	0
0.16117	0.0122	0
0.16952	0.01313	0
0.17787	0.01404	0
0.18623	0.01495	0
0.19458	0.01584	0
0.20292	0.01672	0
0.21124	0.01758	0
0.21956	0.01842	0
0.22789	0.01926	0
0.23621	0.02008	0
0.24455	0.02088	0
0.25289	0.02167	0
0.26123	0.02244	0
0.26958	0.02319	0
0.27793	0.02393	0
0.28628	0.02466	0
0.29463	0.02537	0
0.30297	0.02606	0
0.31132	0.02674	0
0.31967	0.0274	0
0.32802	0.02805	0
0.33637	0.02868	0
0.34472	0.02929	0
0.35306	0.02988	0
0.36142	0.03046	0
0.36977	0.03102	0
0.37812	0.03156	0
0.38648	0.03208	0
0.39484	0.03259	0
0.4032	0.03308	0
0.41156	0.03355	0
0.41992	0.03401	0
0.42828	0.03445	0
0.43664	0.03487	0
0.445	0.03527	0
0.45336	0.03565	0
0.46172	0.03602	0
0.47008	0.03636	0
0.47844	0.03669	0
0.4868	0.03699	0
0.49516	0.03728	0
0.50353	0.03755	0
0.51189	0.03779	0
0.52026	0.03802	0
0.52862	0.03823	0
0.53699	0.03842	0
0.54535	0.03859	0
0.55372	0.03875	0
0.56208	0.03888	0
0.57044	0.03899	0
0.5788	0.03907	0
0.58716	0.03914	0
0.59551	0.03918	0
0.60387	0.0392	0
0.61223	0.0392	0
0.6206	0.03917	0
0.62896	0.03912	0
0.63732	0.03906	0
0.64568	0.03897	0
0.65404	0.03885	0
0.66239	0.03872	0
0.67075	0.03856	0
0.6791	0.03837	0
0.68744	0.03816	0
0.69579	0.03793	0
0.70414	0.03767	0
0.71248	0.03738	0
0.72083	0.03707	0
0.72917	0.03673	0
0.73751	0.03636	0
0.74585	0.03596	0
0.75418	0.03554	0
0.76251	0.03509	0
0.77084	0.03461	0
0.77915	0.0341	0
0.78746	0.03356	0
0.79577	0.03298	0
0.80407	0.03237	0
0.81238	0.03172	0
0.82068	0.03104	0
0.82897	0.03032	0
0.83726	0.02956	0
0.84554	0.02877	0
0.8538	0.02793	0
0.86205	0.02706	0
0.87027	0.02614	0
0.87849	0.02517	0
0.8867	0.02414	0
0.89493	0.02306	0
0.90315	0.02192	0
0.91136	0.02071	0
0.91951	0.01945	0
0.92756	0.01812	0
0.93551	0.01672	0
0.94339	0.01523	0
0.95129	0.01361	0
0.95931	0.01182	0
0.96733	0.00986	0
0.97499	0.00783	0
0.98212	0.00577	0
0.98937	0.00352	0
0.99676	0.00108	0
1	0	0

   0.86205	   0.02706
   0.87027	   0.02614
   0.87849	   0.02517
   0.88670	   0.02414
   0.89493	   0.02306
   0.90315	   0.02192
   0.91136	   0.02071
   0.91951	   0.01945
   0.92756	   0.01812
   0.93551	   0.01672
   0.94339	   0.01523
   0.95129	   0.01361
   0.95931	   0.01182
   0.96733	   0.00986
   0.97499	   0.00783
   0.98212	   0.00577
   0.98937	   0.00352
   0.99676	   0.00108
   1.00000	   0.00000
